             6666        0000000      0000             
            6666660       0000000   0000000            
             6666660        000000 0000000             
              0266626        000000000000              
                666666        000000000                
        6666666666622222222222 0000000        0        
       666666666666622222222222 000000       2660      
                                 000000     666660     
               000000             000000   666666      
             0000000               000000 666626       
            0000000                 0000 666666        
 00000000000000000                   00 66666666666666 
00000000000000000                     02226266666666662
 00000000000000 20                   02226622262666666 
        000000 2222                 6222226            
       000000 222222               2222220             
      000000   222222             222226               
     000000     222222                          0      
      0000       222222 000000000000000000000000       
        0        2626662 0000000000000000000000        
                626666666        000000                
               26666666666        0000000              
             0666662 666666        0000000             
            0666660   6666660       0000000            
             0662      0666606        0000             
